411.0 329.0 1
404.0 321.0 1
390.0 314.0 1
380.0 310.0 1
370.0 305.0 1
359.0 304.0 1
348.0 302.0 1
337.0 305.0 1
325.0 311.0 1
317.0 322.0 1
311.0 331.0 1
309.0 343.0 1
307.0 356.0 1
312.0 367.0 1
314.0 377.0 1
321.0 388.0 1
327.0 397.0 1
337.0 407.0 1
346.0 413.0 1
358.0 420.0 1
373.0 426.0 1
385.0 431.0 1
399.0 433.0 1
413.0 433.0 1
428.0 430.0 1
438.0 427.0 1
446.0 415.0 1
450.0 404.0 1
453.0 391.0 1
455.0 380.0 1
455.0 367.0 1
455.0 355.0 1
448.0 347.0 1
442.0 337.0 1
431.0 328.0 1
423.0 319.0 1
414.0 314.0 1
405.0 308.0 1
394.0 304.0 1
384.0 300.0 1
373.0 295.0 1
363.0 292.0 1
395.0 308.0 1
398.0 298.0 1
404.0 286.0 1
408.0 276.0 1
416.0 265.0 1
420.0 254.0 1
426.0 242.0 1
429.0 230.0 1
433.0 218.0 1
437.0 208.0 1
442.0 198.0 1
446.0 187.0 1
453.0 175.0 1
458.0 165.0 1
464.0 149.0 1
469.0 137.0 1
477.0 125.0 1
482.0 115.0 1
487.0 102.0 1
493.0 91.0 1
497.0 81.0 1
422.0 377.0 1
438.0 378.0 1
457.0 378.0 1
480.0 378.0 1
500.0 378.0 1
527.0 378.0 1
552.0 380.0 1
573.0 380.0 1
594.0 383.0 1
611.0 383.0 1
625.0 385.0 1
637.0 387.0 1
648.0 387.0 1
662.0 391.0 1
680.0 391.0 1
698.0 395.0 1
714.0 395.0 1
727.0 397.0 1
746.0 399.0 1
760.0 400.0 1
773.0 402.0 1
785.0 403.0 1
416.0 426.0 1
420.0 436.0 1
425.0 451.0 1
429.0 462.0 1
436.0 477.0 1
444.0 494.0 1
457.0 523.0 1
468.0 547.0 1
481.0 568.0 1
491.0 588.0 1
499.0 600.0 1
506.0 608.0 1
513.0 618.0 1
525.0 630.0 1
536.0 641.0 1
545.0 646.0 1
553.0 657.0 1
560.0 666.0 1
351.0 392.0 1
341.0 393.0 1
333.0 400.0 1
322.0 408.0 1
311.0 418.0 1
304.0 426.0 1
294.0 434.0 1
285.0 444.0 1
271.0 454.0 1
261.0 462.0 1
251.0 471.0 1
242.0 476.0 1
233.0 483.0 1
220.0 491.0 1
203.0 503.0 1
186.0 513.0 1
172.0 521.0 1
162.0 525.0 1
153.0 533.0 1
144.0 538.0 1
126.0 545.0 1
105.0 556.0 1
96.0 561.0 1
82.0 569.0 1
72.0 573.0 1
62.0 578.0 1
53.0 583.0 1
345.0 349.0 1
337.0 341.0 1
327.0 332.0 1
317.0 326.0 1
301.0 314.0 1
287.0 298.0 1
275.0 286.0 1
265.0 275.0 1
260.0 264.0 1
255.0 252.0 1
251.0 241.0 1
243.0 228.0 1
234.0 216.0 1
225.0 204.0 1
218.0 194.0 1
211.0 184.0 1
197.0 170.0 1
182.0 153.0 1
161.0 131.0 1
149.0 117.0 1
135.0 105.0 1
120.0 92.0 1
111.0 84.0 1
99.0 74.0 1
86.0 66.0 1
70.0 54.0 1
56.0 44.0 1
46.0 37.0 1
93.0 290.0 1
104.0 293.0 1
117.0 293.0 1
128.0 293.0 1
111.0 296.0 1
154.0 298.0 1
31.0 248.0 1
45.0 103.0 1
10.215057 262.90323 1
-90.5914 7.526886 1
254.94882 325.3413 1
280.11948 252.3891 1
282.6792 262.2014 1
313.39594 263.48126 1
