772.0 623.0 1
813.0 693.0 1
944.0 791.0 1
989.0 810.0 1
211.0 57.0 1
979.0 583.0 1
990.0 581.0 1
994.0 571.0 1
990.0 561.0 1
980.0 556.0 1
966.0 556.0 1
955.0 556.0 1
946.0 561.0 1
946.0 573.0 1
947.0 583.0 1
952.0 593.0 1
958.0 603.0 1
968.0 607.0 1
978.0 608.0 1
990.0 609.0 1
1004.0 609.0 1
1013.0 603.0 1
1020.0 595.0 1
1022.0 583.0 1
1022.0 572.0 1
1022.0 561.0 1
1017.0 552.0 1
1008.0 544.0 1
999.0 538.0 1
990.0 533.0 1
978.0 530.0 1
965.0 530.0 1
954.0 530.0 1
944.0 531.0 1
934.0 536.0 1
925.0 541.0 1
915.0 548.0 1
907.0 556.0 1
900.0 564.0 1
897.0 578.0 1
895.0 588.0 1
896.0 600.0 1
900.0 611.0 1
907.0 621.0 1
915.0 631.0 1
925.0 641.0 1
937.0 650.0 1
956.0 655.0 1
966.0 659.0 1
983.0 661.0 1
1008.0 665.0 1
1021.0 666.0 1
1033.0 667.0 1
1049.0 667.0 1
1068.0 667.0 1
1082.0 667.0 1
1098.0 665.0 1
1108.0 655.0 1
1110.0 645.0 1
1112.0 629.0 1
1112.0 617.0 1
1112.0 604.0 1
1112.0 592.0 1
1112.0 574.0 1
1110.0 561.0 1
1104.0 549.0 1
1095.0 537.0 1
1086.0 527.0 1
1074.0 516.0 1
1064.0 511.0 1
1053.0 506.0 1
1042.0 503.0 1
1031.0 500.0 1
1018.0 498.0 1
1005.0 498.0 1
994.0 498.0 1
979.0 498.0 1
969.0 499.0 1
958.0 502.0 1
945.0 503.0 1
934.0 508.0 1
924.0 512.0 1
912.0 516.0 1
900.0 518.0 1
890.0 523.0 1
880.0 532.0 1
872.0 545.0 1
868.0 558.0 1
868.0 573.0 1
868.0 584.0 1
868.0 596.0 1
871.0 609.0 1
875.0 620.0 1
877.0 631.0 1
881.0 643.0 1
885.0 656.0 1
891.0 666.0 1
900.0 681.0 1
909.0 690.0 1
922.0 701.0 1
928.0 710.0 1
940.0 715.0 1
955.0 725.0 1
968.0 734.0 1
1002.0 743.0 1
1023.0 749.0 1
1060.0 757.0 1
1090.0 758.0 1
1110.0 760.0 1
1126.0 761.0 1
1138.0 761.0 1
1152.0 761.0 1
1175.0 762.0 1
1193.0 762.0 1
1205.0 758.0 1
1216.0 748.0 1
1224.0 736.0 1
1225.0 720.0 1
1227.0 688.0 1
1227.0 668.0 1
1225.0 645.0 1
1224.0 627.0 1
1218.0 606.0 1
1213.0 583.0 1
1207.0 561.0 1
1201.0 536.0 1
1193.0 515.0 1
1186.0 491.0 1
1175.0 472.0 1
1166.0 461.0 1
1158.0 446.0 1
1140.0 432.0 1
1133.0 424.0 1
1123.0 410.0 1
1108.0 400.0 1
1097.0 395.0 1
1085.0 389.0 1
1073.0 388.0 1
1054.0 385.0 1
1041.0 381.0 1
1028.0 380.0 1
1009.0 373.0 1
990.0 368.0 1
979.0 364.0 1
966.0 360.0 1
953.0 358.0 1
943.0 357.0 1
928.0 357.0 1
916.0 361.0 1
904.0 364.0 1
892.0 369.0 1
881.0 374.0 1
871.0 379.0 1
862.0 386.0 1
855.0 394.0 1
846.0 401.0 1
838.0 410.0 1
831.0 421.0 1
827.0 431.0 1
821.0 453.0 1
816.0 465.0 1
811.0 477.0 1
806.0 486.0 1
797.0 495.0 1
787.0 505.0 1
778.0 511.0 1
769.0 517.0 1
759.0 521.0 1
750.0 528.0 1
748.0 538.0 1
748.0 549.0 1
748.0 564.0 1
748.0 577.0 1
748.0 595.0 1
748.0 607.0 1
748.0 624.0 1
751.0 635.0 1
762.0 648.0 1
774.0 661.0 1
782.0 668.0 1
795.0 681.0 1
809.0 691.0 1
824.0 701.0 1
846.0 711.0 1
859.0 726.0 1
890.0 743.0 1
924.0 758.0 1
968.0 776.0 1
991.0 782.0 1
1005.0 791.0 1
1016.0 797.0 1
1033.0 803.0 1
1049.0 811.0 1
1060.0 815.0 1
1073.0 819.0 1
1088.0 820.0 1
1110.0 822.0 1
1135.0 823.0 1
1159.0 825.0 1
1175.0 826.0 1
1191.0 826.0 1
1203.0 826.0 1
1226.0 824.0 1
1242.0 817.0 1
1266.0 801.0 1
1278.0 791.0 1
1292.0 778.0 1
1311.0 746.0 1
1317.0 713.0 1
1322.0 685.0 1
1324.0 643.0 1
1325.0 611.0 1
1327.0 571.0 1
1327.0 530.0 1
1327.0 482.0 1
1327.0 433.0 1
1324.0 369.0 1
1318.0 325.0 1
1305.0 277.0 1
1276.0 226.0 1
1236.0 155.0 1
1220.0 133.0 1
1212.0 120.0 1
1184.0 109.0 1
1173.0 106.0 1
1156.0 102.0 1
1126.0 99.0 1
1094.0 96.0 1
1034.0 91.0 1
989.0 89.0 1
959.0 86.0 1
938.0 85.0 1
916.0 85.0 1
892.0 85.0 1
871.0 86.0 1
848.0 92.0 1
818.0 100.0 1
785.0 110.0 1
748.0 123.0 1
717.0 128.0 1
697.0 132.0 1
686.0 139.0 1
673.0 150.0 1
665.0 163.0 1
661.0 175.0 1
653.0 187.0 1
651.0 198.0 1
647.0 212.0 1
645.0 227.0 1
644.0 240.0 1
643.0 254.0 1
643.0 268.0 1
639.0 283.0 1
638.0 296.0 1
638.0 307.0 1
637.0 317.0 1
635.0 328.0 1
632.0 339.0 1
629.0 349.0 1
627.0 360.0 1
623.0 371.0 1
617.0 380.0 1
612.0 391.0 1
604.0 401.0 1
597.0 410.0 1
590.0 420.0 1
582.0 431.0 1
573.0 440.0 1
565.0 449.0 1
557.0 458.0 1
551.0 468.0 1
543.0 475.0 1
539.0 486.0 1
532.0 499.0 1
525.0 511.0 1
524.0 525.0 1
523.0 548.0 1
523.0 566.0 1
522.0 579.0 1
522.0 595.0 1
524.0 605.0 1
529.0 618.0 1
533.0 629.0 1
535.0 648.0 1
543.0 672.0 1
547.0 684.0 1
556.0 695.0 1
566.0 710.0 1
578.0 722.0 1
600.0 741.0 1
620.0 748.0 1
644.0 762.0 1
665.0 769.0 1
682.0 773.0 1
701.0 779.0 1
716.0 781.0 1
753.0 783.0 1
771.0 784.0 1
785.0 785.0 1
819.0 785.0 1
844.0 787.0 1
870.0 787.0 1
886.0 790.0 1
908.0 793.0 1
921.0 794.0 1
933.0 797.0 1
946.0 805.0 1
957.0 814.0 1
965.0 821.0 1
974.0 832.0 1
982.0 840.0 1
996.0 852.0 1
1007.0 855.0 1
1031.0 861.0 1
1061.0 861.0 1
1088.0 863.0 1
1116.0 867.0 1
1152.0 868.0 1
1184.0 872.0 1
1200.0 872.0 1
1225.0 875.0 1
1261.0 878.0 1
1282.0 879.0 1
1304.0 879.0 1
1334.0 879.0 1
1360.0 881.0 1
1388.0 881.0 1
1406.0 881.0 1
1420.0 882.0 1
1430.0 879.0 1
1439.0 861.0 1
1455.0 820.0 1
1463.0 785.0 1
1467.0 723.0 1
1471.0 659.0 1
1471.0 611.0 1
1475.0 587.0 1
1477.0 575.0 1
1480.0 559.0 1
1482.0 529.0 1
1482.0 508.0 1
1482.0 475.0 1
1481.0 439.0 1
1482.0 429.0 1
1477.0 398.0 1
1472.0 382.0 1
1470.0 366.0 1
1466.0 354.0 1
1463.0 341.0 1
1460.0 330.0 1
1457.0 320.0 1
1453.0 310.0 1
1449.0 299.0 1
1441.0 290.0 1
1433.0 279.0 1
1426.0 270.0 1
1420.0 261.0 1
1414.0 252.0 1
1403.0 241.0 1
1389.0 232.0 1
1379.0 227.0 1
1366.0 227.0 1
1351.0 227.0 1
1337.0 227.0 1
1316.0 227.0 1
1303.0 228.0 1
1289.0 230.0 1
1255.0 231.0 1
1201.0 235.0 1
1182.0 235.0 1
1127.0 242.0 1
1087.0 244.0 1
1052.0 245.0 1
1025.0 250.0 1
1002.0 254.0 1
977.0 259.0 1
957.0 262.0 1
928.0 267.0 1
914.0 273.0 1
887.0 285.0 1
837.0 305.0 1
813.0 315.0 1
781.0 323.0 1
760.0 331.0 1
736.0 342.0 1
715.0 353.0 1
696.0 359.0 1
680.0 361.0 1
667.0 366.0 1
649.0 373.0 1
637.0 379.0 1
615.0 388.0 1
600.0 397.0 1
586.0 402.0 1
577.0 408.0 1
566.0 418.0 1
558.0 426.0 1
548.0 434.0 1
541.0 448.0 1
532.0 463.0 1
527.0 473.0 1
521.0 488.0 1
517.0 498.0 1
514.0 510.0 1
511.0 521.0 1
505.0 533.0 1
501.0 548.0 1
499.0 558.0 1
494.0 569.0 1
488.0 581.0 1
484.0 593.0 1
476.0 606.0 1
473.0 618.0 1
473.0 631.0 1
473.0 642.0 1
473.0 656.0 1
473.0 667.0 1
473.0 680.0 1
473.0 692.0 1
474.0 704.0 1
478.0 715.0 1
483.0 726.0 1
487.0 738.0 1
492.0 751.0 1
497.0 763.0 1
508.0 774.0 1
521.0 785.0 1
532.0 794.0 1
543.0 801.0 1
558.0 808.0 1
570.0 812.0 1
582.0 816.0 1
601.0 818.0 1
618.0 820.0 1
648.0 820.0 1
658.0 821.0 1
669.0 822.0 1
687.0 822.0 1
698.0 823.0 1
709.0 823.0 1
728.0 825.0 1
759.0 829.0 1
773.0 834.0 1
783.0 838.0 1
796.0 843.0 1
809.0 846.0 1
820.0 851.0 1
838.0 859.0 1
848.0 863.0 1
863.0 867.0 1
876.0 871.0 1
891.0 880.0 1
916.0 887.0 1
930.0 893.0 1
943.0 897.0 1
953.0 905.0 1
971.0 913.0 1
1002.0 919.0 1
1013.0 924.0 1
1051.0 935.0 1
1074.0 946.0 1
1099.0 954.0 1
1138.0 962.0 1
1166.0 968.0 1
1191.0 975.0 1
1224.0 983.0 1
1269.0 990.0 1
1310.0 993.0 1
1342.0 997.0 1
1370.0 997.0 1
1394.0 997.0 1
1415.0 997.0 1
1432.0 998.0 1
1454.0 994.0 1
1477.0 990.0 1
1507.0 985.0 1
1519.0 981.0 1
1530.0 978.0 1
1543.0 976.0 1
1552.0 970.0 1
1556.0 959.0 1
1563.0 948.0 1
1568.0 939.0 1
1574.0 917.0 1
1577.0 902.0 1
1581.0 889.0 1
1582.0 870.0 1
1583.0 840.0 1
1583.0 816.0 1
1581.0 784.0 1
1577.0 761.0 1
1576.0 743.0 1
1576.0 732.0 1
1576.0 716.0 1
1576.0 683.0 1
1576.0 645.0 1
1578.0 611.0 1
1581.0 581.0 1
1582.0 555.0 1
1584.0 532.0 1
1582.0 514.0 1
1573.0 492.0 1
1569.0 475.0 1
1563.0 461.0 1
1561.0 446.0 1
1560.0 432.0 1
1560.0 418.0 1
1559.0 406.0 1
1557.0 391.0 1
1551.0 362.0 1
1545.0 353.0 1
1536.0 346.0 1
1522.0 328.0 1
1513.0 316.0 1
1507.0 306.0 1
1500.0 296.0 1
1497.0 285.0 1
1492.0 274.0 1
1491.0 263.0 1
1489.0 253.0 1
1485.0 237.0 1
1479.0 221.0 1
1464.0 196.0 1
1458.0 184.0 1
1441.0 158.0 1
1410.0 140.0 1
1397.0 128.0 1
1378.0 121.0 1
1349.0 108.0 1
1311.0 99.0 1
1279.0 94.0 1
1265.0 90.0 1
1239.0 86.0 1
1222.0 84.0 1
1195.0 81.0 1
1164.0 80.0 1
1144.0 80.0 1
1125.0 78.0 1
1112.0 76.0 1
1101.0 76.0 1
1091.0 75.0 1
1072.0 75.0 1
1054.0 73.0 1
1034.0 73.0 1
1011.0 73.0 1
993.0 73.0 1
967.0 73.0 1
937.0 72.0 1
909.0 72.0 1
884.0 69.0 1
858.0 67.0 1
830.0 65.0 1
800.0 65.0 1
764.0 64.0 1
752.0 64.0 1
721.0 64.0 1
697.0 64.0 1
682.0 66.0 1
666.0 67.0 1
641.0 68.0 1
627.0 70.0 1
598.0 71.0 1
574.0 73.0 1
548.0 74.0 1
532.0 79.0 1
518.0 83.0 1
505.0 93.0 1
494.0 103.0 1
482.0 115.0 1
469.0 129.0 1
462.0 145.0 1
453.0 168.0 1
445.0 204.0 1
435.0 222.0 1
428.0 251.0 1
426.0 264.0 1
423.0 279.0 1
419.0 296.0 1
417.0 308.0 1
416.0 323.0 1
411.0 348.0 1
406.0 364.0 1
405.0 374.0 1
403.0 385.0 1
399.0 398.0 1
394.0 412.0 1
389.0 431.0 1
378.0 445.0 1
372.0 455.0 1
358.0 460.0 1
349.0 466.0 1
337.0 475.0 1
328.0 484.0 1
322.0 495.0 1
317.0 505.0 1
312.0 514.0 1
306.0 525.0 1
303.0 535.0 1
300.0 547.0 1
298.0 562.0 1
297.0 573.0 1
296.0 583.0 1
297.0 593.0 1
300.0 605.0 1
302.0 616.0 1
305.0 633.0 1
309.0 652.0 1
311.0 666.0 1
314.0 687.0 1
315.0 700.0 1
315.0 711.0 1
317.0 729.0 1
319.0 743.0 1
320.0 756.0 1
324.0 767.0 1
328.0 780.0 1
332.0 790.0 1
339.0 803.0 1
344.0 813.0 1
349.0 822.0 1
354.0 832.0 1
360.0 843.0 1
368.0 856.0 1
379.0 870.0 1
391.0 881.0 1
404.0 889.0 1
413.0 897.0 1
430.0 904.0 1
446.0 908.0 1
458.0 909.0 1
469.0 913.0 1
480.0 915.0 1
495.0 917.0 1
513.0 917.0 1
529.0 918.0 1
546.0 918.0 1
557.0 918.0 1
574.0 918.0 1
587.0 918.0 1
601.0 919.0 1
611.0 920.0 1
628.0 920.0 1
646.0 920.0 1
665.0 922.0 1
678.0 922.0 1
693.0 924.0 1
708.0 925.0 1
726.0 926.0 1
751.0 927.0 1
781.0 927.0 1
794.0 929.0 1
813.0 931.0 1
828.0 932.0 1
838.0 934.0 1
851.0 936.0 1
870.0 939.0 1
880.0 941.0 1
891.0 943.0 1
902.0 946.0 1
915.0 947.0 1
932.0 953.0 1
948.0 959.0 1
957.0 966.0 1
976.0 973.0 1
989.0 975.0 1
1006.0 980.0 1
1024.0 985.0 1
1048.0 989.0 1
1064.0 992.0 1
1080.0 997.0 1
1094.0 1000.0 1
1112.0 1005.0 1
1133.0 1009.0 1
1159.0 1016.0 1
1170.0 1018.0 1
1188.0 1026.0 1
1207.0 1027.0 1
1226.0 1031.0 1
1236.0 1034.0 1
1249.0 1034.0 1
1260.0 1034.0 1
1270.0 1035.0 1
1288.0 1035.0 1
1308.0 1036.0 1
1331.0 1038.0 1
1355.0 1040.0 1
1385.0 1041.0 1
1404.0 1041.0 1
1428.0 1041.0 1
1443.0 1041.0 1
1468.0 1039.0 1
1484.0 1038.0 1
1497.0 1037.0 1
1515.0 1034.0 1
1528.0 1032.0 1
1539.0 1029.0 1
1553.0 1023.0 1
1565.0 1013.0 1
1576.0 1011.0 1
1588.0 1006.0 1
1601.0 1002.0 1
1611.0 991.0 1
1616.0 981.0 1
1617.0 969.0 1
1617.0 958.0 1
1618.0 948.0 1
1622.0 937.0 1
1627.0 928.0 1
1632.0 916.0 1
1634.0 903.0 1
1635.0 881.0 1
1635.0 861.0 1
1637.0 850.0 1
1641.0 840.0 1
1643.0 828.0 1
1649.0 819.0 1
1643.0 810.0 1
1643.0 797.0 1
1644.0 785.0 1
1646.0 774.0 1
1646.0 762.0 1
1653.0 752.0 1
1662.0 746.0 1
1667.0 737.0 1
1673.0 728.0 1
1682.0 721.0 1
1687.0 712.0 1
1691.0 701.0 1
1692.0 691.0 1
1684.0 680.0 1
1674.0 669.0 1
1663.0 662.0 1
1653.0 658.0 1
1642.0 653.0 1
1631.0 648.0 1
1619.0 645.0 1
1605.0 641.0 1
1593.0 638.0 1
1582.0 636.0 1
1567.0 633.0 1
1556.0 631.0 1
1546.0 630.0 1
1532.0 630.0 1
1507.0 629.0 1
1496.0 627.0 1
1480.0 627.0 1
1455.0 626.0 1
1441.0 626.0 1
1424.0 626.0 1
1412.0 625.0 1
1387.0 625.0 1
1369.0 625.0 1
1353.0 625.0 1
1340.0 625.0 1
1327.0 624.0 1
1313.0 624.0 1
1296.0 624.0 1
1284.0 624.0 1
1273.0 623.0 1
1251.0 622.0 1
1226.0 622.0 1
1206.0 621.0 1
1172.0 619.0 1
1136.0 618.0 1
1117.0 616.0 1
1102.0 614.0 1
1080.0 612.0 1
1056.0 607.0 1
1040.0 605.0 1
1029.0 602.0 1
1010.0 600.0 1
989.0 595.0 1
946.0 585.0 1
930.0 582.0 1
881.0 578.0 1
843.0 569.0 1
824.0 566.0 1
806.0 562.0 1
791.0 558.0 1
774.0 554.0 1
756.0 549.0 1
735.0 543.0 1
700.0 533.0 1
662.0 525.0 1
630.0 517.0 1
575.0 503.0 1
526.0 490.0 1
509.0 483.0 1
496.0 478.0 1
478.0 469.0 1
466.0 463.0 1
457.0 454.0 1
442.0 438.0 1
439.0 427.0 1
430.0 407.0 1
423.0 390.0 1
414.0 379.0 1
409.0 365.0 1
400.0 350.0 1
386.0 331.0 1
381.0 322.0 1
376.0 313.0 1
372.0 301.0 1
368.0 285.0 1
366.0 274.0 1
364.0 262.0 1
362.0 252.0 1
360.0 236.0 1
359.0 224.0 1
358.0 211.0 1
357.0 198.0 1
355.0 187.0 1
353.0 175.0 1
350.0 163.0 1
348.0 152.0 1
346.0 141.0 1
344.0 130.0 1
344.0 119.0 1
340.0 108.0 1
1639.0 67.0 1
1650.0 77.0 1
1659.0 85.0 1
1668.0 90.0 1
1677.0 98.0 1
1686.0 111.0 1
1694.0 123.0 1
1712.0 149.0 1
1723.0 168.0 1
1730.0 180.0 1
1737.0 194.0 1
1742.0 206.0 1
1757.0 221.0 1
1762.0 230.0 1
83.0 437.0 1
86.0 427.0 1
95.0 390.0 1
102.0 347.0 1
124.0 285.0 1
131.0 240.0 1
140.0 196.0 1
157.0 150.0 1
168.0 106.0 1
173.0 76.0 1
188.0 64.0 1
195.0 56.0 1
150.0 777.0 1
149.0 790.0 1
149.0 803.0 1
148.0 815.0 1
148.0 830.0 1
148.0 841.0 1
152.0 858.0 1
159.0 872.0 1
171.0 888.0 1
178.0 901.0 1
184.0 911.0 1
193.0 924.0 1
207.0 939.0 1
228.0 951.0 1
244.0 957.0 1
255.0 962.0 1
268.0 965.0 1
284.0 971.0 1
193.0 533.0 1
202.0 552.0 1
207.0 568.0 1
221.0 599.0 1
228.0 613.0 1
237.0 625.0 1
250.0 635.0 1
260.0 655.0 1
270.0 666.0 1
278.0 683.0 1
288.0 695.0 1
307.0 711.0 1
325.0 728.0 1
342.0 738.0 1
359.0 749.0 1
379.0 756.0 1
390.0 757.0 1
413.0 763.0 1
432.0 769.0 1
453.0 770.0 1
481.0 775.0 1
505.0 775.0 1
531.0 776.0 1
568.0 776.0 1
590.0 776.0 1
602.0 776.0 1
616.0 774.0 1
625.0 767.0 1
634.0 761.0 1
647.0 754.0 1
655.0 747.0 1
919.0 146.0 1
930.0 157.0 1
947.0 181.0 1
956.0 193.0 1
969.0 217.0 1
976.0 236.0 1
992.0 259.0 1
1003.0 268.0 1
1022.0 294.0 1
1038.0 316.0 1
1057.0 335.0 1
1070.0 350.0 1
1096.0 367.0 1
1124.0 392.0 1
1163.0 404.0 1
1194.0 415.0 1
1237.0 424.0 1
1288.0 430.0 1
1322.0 433.0 1
1358.0 433.0 1
1396.0 434.0 1
1439.0 436.0 1
1457.0 436.0 1
1475.0 436.0 1
1485.0 431.0 1
1497.0 427.0 1
1506.0 421.0 1