1181.0 637.0 1.0
1156.0 551.0 1.0
654.0 417.0 1.0
654.0 430.0 1.0
654.0 441.0 1.0
653.0 451.0 1.0
653.0 464.0 1.0
654.0 475.0 1.0
654.0 491.0 1.0
654.0 502.0 1.0
653.0 513.0 1.0
653.0 525.0 1.0
653.0 538.0 1.0
652.0 549.0 1.0
651.0 562.0 1.0
651.0 573.0 1.0
651.0 587.0 1.0
674.0 421.0 1.0
687.0 428.0 1.0
696.0 434.0 1.0
706.0 444.0 1.0
715.0 455.0 1.0
723.0 466.0 1.0
729.0 475.0 1.0
734.0 487.0 1.0
737.0 500.0 1.0
739.0 514.0 1.0
739.0 528.0 1.0
737.0 539.0 1.0
734.0 549.0 1.0
729.0 558.0 1.0
724.0 568.0 1.0
714.0 576.0 1.0
708.0 585.0 1.0
699.0 590.0 1.0
686.0 596.0 1.0
676.0 599.0 1.0
666.0 600.0 1.0
656.0 596.0 1.0
769.0 406.0 1.0
771.0 416.0 1.0
773.0 427.0 1.0
774.0 437.0 1.0
775.0 448.0 1.0
775.0 459.0 1.0
775.0 470.0 1.0
775.0 481.0 1.0
775.0 493.0 1.0
775.0 505.0 1.0
776.0 515.0 1.0
776.0 526.0 1.0
777.0 536.0 1.0
777.0 547.0 1.0
777.0 558.0 1.0
777.0 569.0 1.0
778.0 579.0 1.0
778.0 590.0 1.0
779.0 600.0 1.0
780.0 610.0 1.0
780.0 621.0 1.0
773.0 394.0 1.0
802.0 390.0 1.0
811.0 395.0 1.0
818.0 403.0 1.0
825.0 411.0 1.0
830.0 420.0 1.0
833.0 430.0 1.0
833.0 441.0 1.0
831.0 453.0 1.0
827.0 463.0 1.0
822.0 472.0 1.0
815.0 481.0 1.0
807.0 489.0 1.0
799.0 496.0 1.0
790.0 501.0 1.0
790.0 512.0 1.0
794.0 522.0 1.0
799.0 532.0 1.0
803.0 542.0 1.0
808.0 553.0 1.0
812.0 564.0 1.0
817.0 574.0 1.0
820.0 584.0 1.0
824.0 594.0 1.0
828.0 606.0 1.0
832.0 617.0 1.0
835.0 627.0 1.0
839.0 637.0 1.0
836.0 624.0 1.0
858.0 422.0 1.0
858.0 434.0 1.0
859.0 444.0 1.0
860.0 454.0 1.0
861.0 464.0 1.0
861.0 476.0 1.0
862.0 486.0 1.0
862.0 497.0 1.0
863.0 508.0 1.0
863.0 519.0 1.0
863.0 530.0 1.0
864.0 540.0 1.0
864.0 551.0 1.0
864.0 563.0 1.0
864.0 574.0 1.0
864.0 585.0 1.0
865.0 595.0 1.0
871.0 604.0 1.0
881.0 602.0 1.0
891.0 601.0 1.0
902.0 600.0 1.0
913.0 598.0 1.0
923.0 595.0 1.0
883.0 512.0 1.0
893.0 509.0 1.0
903.0 506.0 1.0
913.0 504.0 1.0
923.0 501.0 1.0
873.0 422.0 1.0
883.0 419.0 1.0
893.0 418.0 1.0
903.0 416.0 1.0
930.0 617.0 1.0
931.0 607.0 1.0
932.0 597.0 1.0
934.0 586.0 1.0
935.0 576.0 1.0
935.0 565.0 1.0
937.0 554.0 1.0
938.0 544.0 1.0
939.0 534.0 1.0
939.0 523.0 1.0
940.0 511.0 1.0
942.0 501.0 1.0
943.0 491.0 1.0
944.0 481.0 1.0
945.0 471.0 1.0
947.0 461.0 1.0
948.0 451.0 1.0
950.0 441.0 1.0
951.0 430.0 1.0
952.0 420.0 1.0
953.0 410.0 1.0
954.0 400.0 1.0
958.0 410.0 1.0
962.0 420.0 1.0
966.0 431.0 1.0
969.0 441.0 1.0
972.0 452.0 1.0
974.0 463.0 1.0
976.0 473.0 1.0
978.0 484.0 1.0
981.0 494.0 1.0
984.0 505.0 1.0
987.0 515.0 1.0
991.0 526.0 1.0
995.0 536.0 1.0
998.0 547.0 1.0
1001.0 557.0 1.0
1005.0 568.0 1.0
1008.0 578.0 1.0
1011.0 589.0 1.0
1016.0 599.0 1.0
1019.0 609.0 1.0
952.0 529.0 1.0
962.0 525.0 1.0
972.0 522.0 1.0
981.0 517.0 1.0
1024.0 581.0 1.0
1024.0 570.0 1.0
1023.0 560.0 1.0
1021.0 550.0 1.0
1020.0 540.0 1.0
1020.0 529.0 1.0
1018.0 519.0 1.0
1017.0 509.0 1.0
1016.0 499.0 1.0
1016.0 488.0 1.0
1016.0 477.0 1.0
1015.0 467.0 1.0
1015.0 456.0 1.0
1015.0 445.0 1.0
1014.0 435.0 1.0
1014.0 423.0 1.0
1015.0 413.0 1.0
1016.0 402.0 1.0
1016.0 390.0 1.0
1021.0 400.0 1.0
1028.0 410.0 1.0
1034.0 419.0 1.0
1040.0 429.0 1.0
1046.0 438.0 1.0
1050.0 448.0 1.0
1055.0 457.0 1.0
1058.0 468.0 1.0
1062.0 478.0 1.0
1066.0 488.0 1.0
1070.0 498.0 1.0
1075.0 489.0 1.0
1076.0 479.0 1.0
1078.0 468.0 1.0
1080.0 458.0 1.0
1082.0 448.0 1.0
1084.0 438.0 1.0
1086.0 428.0 1.0
1088.0 418.0 1.0
1089.0 407.0 1.0
1091.0 397.0 1.0
1093.0 387.0 1.0
1095.0 377.0 1.0
1096.0 388.0 1.0
1097.0 398.0 1.0
1097.0 409.0 1.0
1097.0 420.0 1.0
1097.0 433.0 1.0
1097.0 444.0 1.0
1097.0 455.0 1.0
1097.0 467.0 1.0
1098.0 477.0 1.0
1099.0 488.0 1.0
1100.0 499.0 1.0
1101.0 510.0 1.0
1102.0 521.0 1.0
1104.0 532.0 1.0
1105.0 543.0 1.0
1106.0 553.0 1.0
1107.0 563.0 1.0
1107.0 575.0 1.0
1109.0 585.0 1.0
1109.0 596.0 1.0
1118.0 458.0 1.0
1118.0 469.0 1.0
1118.0 480.0 1.0
1118.0 492.0 1.0
1119.0 503.0 1.0
1121.0 513.0 1.0
1124.0 524.0 1.0
1127.0 535.0 1.0
1130.0 545.0 1.0
1135.0 555.0 1.0
1142.0 563.0 1.0
1151.0 570.0 1.0
1161.0 574.0 1.0
1171.0 576.0 1.0
1181.0 574.0 1.0
1190.0 569.0 1.0
1196.0 560.0 1.0
1200.0 550.0 1.0
1204.0 539.0 1.0
1206.0 529.0 1.0
1207.0 519.0 1.0
1208.0 509.0 1.0
1209.0 499.0 1.0
1210.0 489.0 1.0
1210.0 478.0 1.0
1210.0 467.0 1.0
1211.0 456.0 1.0
1211.0 445.0 1.0
1209.0 435.0 1.0
1205.0 425.0 1.0
1200.0 416.0 1.0
1195.0 407.0 1.0
1188.0 398.0 1.0
1180.0 391.0 1.0
1171.0 385.0 1.0
1161.0 383.0 1.0
1151.0 385.0 1.0
1142.0 390.0 1.0
1134.0 397.0 1.0
1129.0 406.0 1.0
1126.0 416.0 1.0
1123.0 427.0 1.0
1121.0 437.0 1.0
1118.0 447.0 1.0
636.0 282.0 1.0
651.0 561.0 1.0
668.0 561.0 1.0
826.0 687.0 1.0
910.0 269.0 1.0
883.0 273.0 1.0
800.0 302.0 1.0
1127.0 505.0 1.0
1134.0 513.0 1.0
819.0 1049.0 1.0
837.0 1054.0 1.0
1408.0 995.0 1.0
1488.0 637.0 1.0
1071.0 812.0 1.0
2013.0 1026.0 1.0
1639.0 578.0 1.0
1423.0 420.0 1.0
1490.0 491.0 1.0
1458.0 603.0 1.0
1446.0 809.0 1.0
1169.0 810.0 1.0
1433.0 956.0 1.0
733.0 845.0 1.0
1019.0 781.0 1.0
1221.0 817.0 1.0
1101.0 890.0 1.0
917.0 1069.0 1.0
955.0 1237.0 1.0
2142.0 703.0 1.0
2033.0 973.0 1.0
2140.0 1286.0 1.0
983.0 986.0 1.0
1842.0 642.0 1.0
1804.0 631.0 1.0
1544.0 624.0 1.0
1210.0 658.0 1.0
1397.0 672.0 1.0
598.0 900.0 1.0
1009.0 799.0 1.0
1158.0 764.0 1.0
874.0 707.0 1.0
1460.0 833.0 1.0
1361.0 526.0 1.0
1360.0 512.0 1.0
1347.0 343.0 1.0
1830.0 431.0 1.0
1198.0 858.0 1.0
471.0 239.0 1.0
381.0 365.0 1.0
198.0 659.0 1.0
599.0 777.0 1.0
613.0 778.0 1.0
624.0 778.0 1.0
1113.0 826.0 1.0
1130.0 828.0 1.0
1398.0 712.0 1.0
1004.0 131.0 1.0
1000.0 143.0 1.0
974.0 692.0 1.0
1911.0 941.0 1.0
1900.0 946.0 1.0
1888.0 946.0 1.0
286.0 982.0 1.0
296.0 986.0 1.0
323.0 990.0 1.0
362.0 990.0 1.0
375.0 990.0 1.0
380.0 981.0 1.0
321.0 370.0 1.0
896.0 306.0 1.0
676.0 180.0 1.0
513.0 323.0 1.0
522.0 318.0 1.0
1282.0 798.0 1.0
1282.0 783.0 1.0
1751.0 488.0 1.0
1742.0 495.0 1.0
1733.0 486.0 1.0
1123.0 735.0 1.0
1120.0 745.0 1.0
836.0 933.0 1.0
847.0 928.0 1.0
853.0 917.0 1.0
851.0 927.0 1.0
854.0 917.0 1.0
453.0 445.0 1.0
449.0 458.0 1.0
449.0 446.0 1.0
448.0 435.0 1.0
268.0 446.0 1.0
268.0 457.0 1.0
275.0 468.0 1.0
306.0 749.0 1.0
1388.0 1084.0 1.0
1209.0 885.0 1.0
1115.0 905.0 1.0
1113.0 894.0 1.0
1110.0 803.0 1.0
1384.0 697.0 1.0
1103.0 703.0 1.0
1546.0 583.0 1.0
1501.0 255.0 1.0
990.0 153.0 1.0
658.0 163.0 1.0
1638.0 119.0 1.0
1638.0 130.0 1.0
1640.0 119.0 1.0
1649.0 124.0 1.0
1647.0 134.0 1.0
1685.0 469.0 1.0
1676.0 475.0 1.0
1674.0 485.0 1.0
1684.0 489.0 1.0
935.0 810.0 1.0
939.0 820.0 1.0
941.0 830.0 1.0
460.0 834.0 1.0
465.0 843.0 1.0
475.0 848.0 1.0
344.0 305.0 1.0
356.0 311.0 1.0
363.0 319.0 1.0
702.0 107.0 1.0
689.0 109.0 1.0
676.0 113.0 1.0
666.0 114.0 1.0
654.0 115.0 1.0
643.0 110.0 1.0
969.0 440.0 1.0
