88.0 292.0 1
117.0 992.0 1
128.0 988.0 1
138.0 984.0 1
148.0 980.0 1
157.0 975.0 1
169.0 968.0 1
179.0 961.0 1
187.0 954.0 1
196.0 948.0 1
205.0 940.0 1
214.0 932.0 1
222.0 923.0 1
229.0 914.0 1
236.0 905.0 1
262.0 865.0 1
269.0 855.0 1
274.0 845.0 1
277.0 835.0 1
282.0 823.0 1
286.0 812.0 1
289.0 802.0 1
292.0 792.0 1
295.0 782.0 1
297.0 771.0 1
299.0 760.0 1
301.0 748.0 1
301.0 737.0 1
302.0 725.0 1
301.0 688.0 1
301.0 677.0 1
300.0 666.0 1
298.0 656.0 1
295.0 646.0 1
291.0 635.0 1
288.0 625.0 1
284.0 614.0 1
278.0 603.0 1
273.0 594.0 1
267.0 584.0 1
261.0 575.0 1
255.0 566.0 1
250.0 556.0 1
245.0 547.0 1
224.0 518.0 1
219.0 509.0 1
212.0 500.0 1
206.0 491.0 1
200.0 482.0 1
193.0 474.0 1
187.0 464.0 1
179.0 454.0 1
172.0 444.0 1
166.0 433.0 1
161.0 424.0 1
157.0 414.0 1
153.0 402.0 1
150.0 392.0 1
148.0 381.0 1
146.0 370.0 1
145.0 360.0 1
145.0 349.0 1
145.0 338.0 1
150.0 328.0 1
157.0 320.0 1
167.0 314.0 1
178.0 310.0 1
189.0 308.0 1
200.0 307.0 1
211.0 306.0 1
223.0 306.0 1
234.0 308.0 1
245.0 310.0 1
256.0 314.0 1
265.0 319.0 1
274.0 326.0 1
281.0 335.0 1
287.0 344.0 1
290.0 354.0 1
292.0 364.0 1
293.0 374.0 1
293.0 385.0 1
292.0 395.0 1
289.0 406.0 1
286.0 416.0 1
281.0 426.0 1
276.0 436.0 1
269.0 444.0 1
165.0 531.0 1
156.0 538.0 1
146.0 543.0 1
136.0 550.0 1
127.0 556.0 1
118.0 562.0 1
109.0 570.0 1
100.0 577.0 1
92.0 586.0 1
85.0 594.0 1
78.0 602.0 1
69.0 650.0 1
65.0 660.0 1
63.0 670.0 1
61.0 680.0 1
59.0 690.0 1
58.0 700.0 1
58.0 712.0 1
58.0 725.0 1
60.0 735.0 1
64.0 746.0 1
70.0 755.0 1
76.0 764.0 1
85.0 771.0 1
94.0 776.0 1
104.0 780.0 1
114.0 784.0 1
124.0 787.0 1
135.0 789.0 1
146.0 789.0 1
158.0 789.0 1
170.0 788.0 1
181.0 785.0 1
191.0 781.0 1
200.0 775.0 1
210.0 767.0 1
218.0 758.0 1
226.0 749.0 1
233.0 740.0 1
241.0 732.0 1
246.0 723.0 1
251.0 714.0 1
256.0 705.0 1
260.0 695.0 1
263.0 685.0 1
303.0 579.0 1
307.0 568.0 1
313.0 559.0 1
319.0 550.0 1
324.0 539.0 1
329.0 528.0 1
334.0 519.0 1
340.0 509.0 1
345.0 500.0 1
349.0 490.0 1
354.0 481.0 1
361.0 472.0 1
368.0 462.0 1
376.0 453.0 1
385.0 445.0 1
394.0 437.0 1
402.0 429.0 1
413.0 421.0 1
423.0 413.0 1
433.0 405.0 1
444.0 397.0 1
455.0 388.0 1
464.0 381.0 1
474.0 374.0 1
484.0 368.0 1
493.0 362.0 1
503.0 354.0 1
514.0 348.0 1
524.0 344.0 1
536.0 340.0 1
546.0 338.0 1
556.0 336.0 1
568.0 334.0 1
581.0 334.0 1
594.0 334.0 1
607.0 335.0 1
617.0 337.0 1
628.0 341.0 1
638.0 345.0 1
648.0 349.0 1
658.0 356.0 1
668.0 363.0 1
675.0 372.0 1
681.0 381.0 1
683.0 392.0 1
683.0 403.0 1
681.0 414.0 1
677.0 425.0 1
672.0 435.0 1
667.0 444.0 1
660.0 454.0 1
652.0 463.0 1
643.0 470.0 1
635.0 477.0 1
625.0 485.0 1
615.0 492.0 1
606.0 498.0 1
596.0 502.0 1
585.0 503.0 1
573.0 503.0 1
564.0 498.0 1
557.0 488.0 1
555.0 478.0 1
555.0 466.0 1
557.0 455.0 1
561.0 444.0 1
566.0 435.0 1
572.0 426.0 1
579.0 416.0 1
587.0 408.0 1
700.0 320.0 1
709.0 313.0 1
718.0 306.0 1
727.0 300.0 1
737.0 294.0 1
747.0 288.0 1
757.0 282.0 1
769.0 275.0 1
779.0 269.0 1
788.0 264.0 1
798.0 259.0 1
808.0 254.0 1
820.0 247.0 1
830.0 241.0 1
840.0 234.0 1
853.0 226.0 1
862.0 220.0 1
873.0 211.0 1
885.0 203.0 1
895.0 197.0 1
904.0 189.0 1
914.0 180.0 1
924.0 171.0 1
932.0 163.0 1
943.0 154.0 1
952.0 144.0 1
959.0 136.0 1
967.0 126.0 1
972.0 117.0 1
976.0 106.0 1
978.0 116.0 1
979.0 126.0 1
982.0 136.0 1
985.0 146.0 1
989.0 156.0 1
994.0 165.0 1
999.0 174.0 1
1005.0 184.0 1
1011.0 193.0 1
1017.0 203.0 1
1025.0 213.0 1
1031.0 222.0 1
1041.0 234.0 1
1049.0 244.0 1
1057.0 253.0 1
1065.0 263.0 1
1075.0 275.0 1
1085.0 289.0 1
1096.0 302.0 1
1103.0 313.0 1
1109.0 323.0 1
1113.0 334.0 1
1115.0 344.0 1
1118.0 354.0 1
1120.0 366.0 1
1121.0 376.0 1
1121.0 389.0 1
1121.0 401.0 1
1120.0 413.0 1
1117.0 424.0 1
1112.0 437.0 1
1106.0 448.0 1
1100.0 458.0 1
1094.0 468.0 1
1088.0 477.0 1
1081.0 487.0 1
1072.0 493.0 1
1061.0 499.0 1
1051.0 503.0 1
1040.0 507.0 1
1027.0 510.0 1
1016.0 512.0 1
1005.0 515.0 1
995.0 516.0 1
984.0 516.0 1
973.0 512.0 1
962.0 508.0 1
951.0 502.0 1
942.0 494.0 1
934.0 486.0 1
929.0 477.0 1
925.0 466.0 1
924.0 455.0 1
924.0 442.0 1
926.0 431.0 1
929.0 420.0 1
934.0 409.0 1
939.0 399.0 1
945.0 390.0 1
953.0 382.0 1
961.0 375.0 1
970.0 370.0 1
980.0 366.0 1
991.0 364.0 1
1003.0 364.0 1
1013.0 367.0 1
1025.0 372.0 1
1033.0 382.0 1
1036.0 393.0 1
1036.0 404.0 1
1030.0 413.0 1
1022.0 421.0 1
1012.0 425.0 1
1002.0 424.0 1
1129.0 258.0 1
1139.0 253.0 1
1151.0 247.0 1
1161.0 243.0 1
1171.0 237.0 1
1181.0 230.0 1
1190.0 224.0 1
1202.0 218.0 1
1216.0 208.0 1
1229.0 199.0 1
1240.0 191.0 1
1254.0 180.0 1
1263.0 174.0 1
1272.0 166.0 1
1283.0 158.0 1
1291.0 151.0 1
1298.0 143.0 1
1306.0 134.0 1
1313.0 126.0 1
1320.0 117.0 1
1325.0 107.0 1
1328.0 117.0 1
1332.0 127.0 1
1337.0 137.0 1
1342.0 146.0 1
1347.0 156.0 1
1352.0 165.0 1
1358.0 174.0 1
1364.0 183.0 1
1371.0 193.0 1
1378.0 203.0 1
1386.0 213.0 1
1395.0 224.0 1
1403.0 234.0 1
1410.0 244.0 1
1417.0 252.0 1
1423.0 262.0 1
1429.0 271.0 1
1435.0 282.0 1
1439.0 292.0 1
1444.0 303.0 1
1449.0 316.0 1
1453.0 326.0 1
1455.0 336.0 1
1456.0 346.0 1
1457.0 358.0 1
1457.0 370.0 1
1457.0 381.0 1
1454.0 394.0 1
1451.0 404.0 1
1448.0 416.0 1
1443.0 426.0 1
1436.0 436.0 1
1429.0 445.0 1
1422.0 453.0 1
1412.0 462.0 1
1402.0 470.0 1
1394.0 477.0 1
1382.0 483.0 1
1372.0 488.0 1
1358.0 490.0 1
1344.0 490.0 1
1329.0 490.0 1
1318.0 490.0 1
1309.0 484.0 1
1299.0 477.0 1
1288.0 467.0 1
1280.0 456.0 1
1276.0 445.0 1
1275.0 434.0 1
1276.0 420.0 1
1279.0 408.0 1
1283.0 398.0 1
1288.0 387.0 1
1293.0 375.0 1
1298.0 365.0 1
1304.0 354.0 1
1313.0 345.0 1
1324.0 338.0 1
1336.0 334.0 1
1349.0 334.0 1
1361.0 335.0 1
1371.0 340.0 1
1381.0 347.0 1
1388.0 355.0 1
1393.0 364.0 1
1395.0 376.0 1
1394.0 386.0 1
1390.0 396.0 1
1383.0 405.0 1
1371.0 411.0 1
1492.0 252.0 1
1502.0 247.0 1
1513.0 243.0 1
1524.0 238.0 1
1534.0 233.0 1
1544.0 228.0 1
1557.0 222.0 1
1571.0 215.0 1
1583.0 208.0 1
1596.0 199.0 1
1607.0 193.0 1
1615.0 186.0 1
1624.0 180.0 1
1636.0 172.0 1
1645.0 165.0 1
1653.0 157.0 1
1661.0 148.0 1
1668.0 139.0 1
1676.0 130.0 1
1683.0 120.0 1
1691.0 110.0 1
1697.0 101.0 1
1704.0 109.0 1
1708.0 119.0 1
1713.0 128.0 1
1719.0 139.0 1
1725.0 150.0 1
1731.0 160.0 1
1739.0 170.0 1
1746.0 179.0 1
1753.0 190.0 1
1760.0 198.0 1
1768.0 208.0 1
1775.0 216.0 1
1783.0 228.0 1
1790.0 239.0 1
1795.0 248.0 1
1800.0 259.0 1
1805.0 271.0 1
1810.0 283.0 1
1815.0 296.0 1
1817.0 308.0 1
1818.0 319.0 1
1818.0 330.0 1
1818.0 344.0 1
1817.0 357.0 1
1813.0 369.0 1
1809.0 379.0 1
1803.0 391.0 1
1797.0 402.0 1
1790.0 410.0 1
1781.0 418.0 1
1771.0 426.0 1
1761.0 434.0 1
1749.0 442.0 1
1740.0 447.0 1
1728.0 452.0 1
1716.0 456.0 1
1705.0 459.0 1
1695.0 462.0 1
1684.0 463.0 1
1671.0 463.0 1
1659.0 463.0 1
1648.0 458.0 1
1638.0 450.0 1
1629.0 442.0 1
1623.0 433.0 1
1618.0 424.0 1
1613.0 415.0 1
1611.0 405.0 1
1610.0 392.0 1
1611.0 381.0 1
1614.0 369.0 1
1619.0 357.0 1
1624.0 348.0 1
1630.0 339.0 1
1640.0 332.0 1
1650.0 327.0 1
1661.0 326.0 1
1672.0 327.0 1
1682.0 330.0 1
1692.0 338.0 1
1700.0 345.0 1
1707.0 353.0 1
1710.0 363.0 1
1708.0 373.0 1
1702.0 382.0 1
308.0 868.0 1
318.0 864.0 1
329.0 860.0 1
340.0 856.0 1
349.0 851.0 1
361.0 843.0 1
370.0 837.0 1
380.0 828.0 1
391.0 819.0 1
399.0 811.0 1
409.0 802.0 1
419.0 794.0 1
427.0 787.0 1
436.0 779.0 1
447.0 770.0 1
456.0 760.0 1
463.0 751.0 1
470.0 739.0 1
476.0 730.0 1
482.0 718.0 1
487.0 707.0 1
492.0 697.0 1
497.0 686.0 1
502.0 675.0 1
504.0 664.0 1
507.0 654.0 1
518.0 657.0 1
527.0 665.0 1
536.0 671.0 1
548.0 680.0 1
557.0 686.0 1
567.0 694.0 1
575.0 703.0 1
585.0 711.0 1
595.0 720.0 1
603.0 727.0 1
610.0 736.0 1
619.0 745.0 1
629.0 755.0 1
638.0 764.0 1
645.0 774.0 1
648.0 785.0 1
650.0 797.0 1
651.0 808.0 1
651.0 820.0 1
647.0 834.0 1
644.0 846.0 1
641.0 857.0 1
635.0 866.0 1
628.0 874.0 1
620.0 883.0 1
612.0 890.0 1
603.0 899.0 1
594.0 905.0 1
583.0 909.0 1
571.0 912.0 1
559.0 912.0 1
545.0 911.0 1
535.0 907.0 1
527.0 897.0 1
521.0 887.0 1
518.0 876.0 1
518.0 863.0 1
521.0 851.0 1
525.0 841.0 1
531.0 832.0 1
539.0 824.0 1
548.0 818.0 1
558.0 813.0 1
569.0 811.0 1
579.0 812.0 1
688.0 746.0 1
699.0 742.0 1
710.0 736.0 1
722.0 729.0 1
735.0 721.0 1
745.0 715.0 1
755.0 707.0 1
764.0 700.0 1
773.0 695.0 1
782.0 689.0 1
794.0 681.0 1
806.0 672.0 1
818.0 662.0 1
828.0 654.0 1
837.0 646.0 1
848.0 637.0 1
856.0 628.0 1
863.0 620.0 1
867.0 630.0 1
874.0 640.0 1
879.0 649.0 1
884.0 658.0 1
891.0 668.0 1
898.0 676.0 1
906.0 686.0 1
913.0 694.0 1
920.0 702.0 1
926.0 712.0 1
934.0 723.0 1
941.0 731.0 1
948.0 741.0 1
953.0 751.0 1
957.0 761.0 1
959.0 771.0 1
960.0 784.0 1
960.0 798.0 1
958.0 808.0 1
953.0 818.0 1
946.0 828.0 1
941.0 838.0 1
934.0 846.0 1
925.0 856.0 1
916.0 863.0 1
906.0 869.0 1
897.0 875.0 1
886.0 881.0 1
873.0 885.0 1
862.0 887.0 1
851.0 887.0 1
842.0 882.0 1
833.0 877.0 1
825.0 870.0 1
820.0 860.0 1
816.0 849.0 1
815.0 839.0 1
815.0 828.0 1
817.0 816.0 1
819.0 805.0 1
826.0 796.0 1
834.0 788.0 1
845.0 784.0 1
857.0 783.0 1
867.0 784.0 1
987.0 705.0 1
997.0 699.0 1
1006.0 693.0 1
1016.0 686.0 1
1028.0 678.0 1
1040.0 671.0 1
1052.0 662.0 1
1061.0 656.0 1
1071.0 649.0 1
1083.0 640.0 1
1092.0 633.0 1
1103.0 624.0 1
1111.0 617.0 1
1119.0 610.0 1
1126.0 602.0 1
1133.0 594.0 1
1140.0 586.0 1
1143.0 597.0 1
1148.0 606.0 1
1153.0 615.0 1
1157.0 625.0 1
1163.0 635.0 1
1170.0 644.0 1
1177.0 652.0 1
1186.0 662.0 1
1193.0 670.0 1
1198.0 679.0 1
1204.0 689.0 1
1211.0 702.0 1
1216.0 713.0 1
1220.0 725.0 1
1223.0 739.0 1
1226.0 752.0 1
1227.0 762.0 1
1228.0 773.0 1
1228.0 784.0 1
1228.0 797.0 1
1223.0 807.0 1
1216.0 816.0 1
1209.0 824.0 1
1201.0 833.0 1
1191.0 843.0 1
1182.0 852.0 1
1173.0 858.0 1
1163.0 865.0 1
1151.0 870.0 1
1141.0 871.0 1
1129.0 871.0 1
1117.0 870.0 1
1107.0 867.0 1
1097.0 865.0 1
1088.0 860.0 1
1078.0 851.0 1
1070.0 840.0 1
1065.0 827.0 1
1064.0 816.0 1
1064.0 804.0 1
1066.0 792.0 1
1069.0 782.0 1
1074.0 773.0 1
1082.0 766.0 1
1091.0 761.0 1
1103.0 758.0 1
1113.0 757.0 1
1123.0 759.0 1
1133.0 761.0 1
1264.0 734.0 1
1274.0 729.0 1
1284.0 726.0 1
1295.0 721.0 1
1305.0 716.0 1
1315.0 709.0 1
1324.0 704.0 1
1333.0 696.0 1
1342.0 689.0 1
1354.0 679.0 1
1363.0 672.0 1
1372.0 665.0 1
1385.0 656.0 1
1396.0 647.0 1
1404.0 639.0 1
1414.0 630.0 1
1421.0 622.0 1
1426.0 613.0 1
1429.0 603.0 1
1434.0 612.0 1
1439.0 623.0 1
1443.0 633.0 1
1449.0 642.0 1
1455.0 652.0 1
1461.0 663.0 1
1466.0 674.0 1
1472.0 687.0 1
1477.0 696.0 1
1484.0 709.0 1
1489.0 721.0 1
1493.0 732.0 1
1496.0 745.0 1
1497.0 757.0 1
1497.0 768.0 1
1494.0 778.0 1
1492.0 788.0 1
1488.0 798.0 1
1483.0 808.0 1
1478.0 818.0 1
1469.0 830.0 1
1461.0 839.0 1
1452.0 846.0 1
1442.0 853.0 1
1433.0 858.0 1
1424.0 863.0 1
1413.0 866.0 1
1403.0 869.0 1
1391.0 869.0 1
1381.0 866.0 1
1372.0 861.0 1
1363.0 855.0 1
1357.0 846.0 1
1352.0 837.0 1
1348.0 827.0 1
1347.0 816.0 1
1347.0 803.0 1
1351.0 793.0 1
1355.0 782.0 1
1361.0 773.0 1
1370.0 766.0 1
1380.0 762.0 1
1393.0 760.0 1
1403.0 763.0 1
1536.0 696.0 1
1545.0 691.0 1
1555.0 688.0 1
1565.0 683.0 1
1575.0 678.0 1
1585.0 672.0 1
1598.0 663.0 1
1607.0 657.0 1
1616.0 650.0 1
1625.0 642.0 1
1634.0 634.0 1
1646.0 624.0 1
1654.0 617.0 1
1662.0 609.0 1
1670.0 601.0 1
1678.0 594.0 1
1684.0 585.0 1
1689.0 597.0 1
1694.0 607.0 1
1700.0 619.0 1
1705.0 628.0 1
1711.0 638.0 1
1716.0 647.0 1
1723.0 656.0 1
1730.0 666.0 1
1736.0 675.0 1
1742.0 684.0 1
1749.0 697.0 1
1755.0 709.0 1
1759.0 719.0 1
1763.0 729.0 1
1766.0 739.0 1
1770.0 752.0 1
1772.0 762.0 1
1772.0 773.0 1
1770.0 783.0 1
1765.0 792.0 1
1760.0 803.0 1
1753.0 814.0 1
1745.0 824.0 1
1736.0 833.0 1
1727.0 839.0 1
1717.0 845.0 1
1708.0 850.0 1
1698.0 854.0 1
1685.0 859.0 1
1675.0 862.0 1
1662.0 864.0 1
1649.0 863.0 1
1639.0 859.0 1
1630.0 854.0 1
1620.0 846.0 1
1614.0 837.0 1
1610.0 827.0 1
1609.0 816.0 1
1609.0 805.0 1
1612.0 794.0 1
1616.0 783.0 1
1622.0 774.0 1
1631.0 767.0 1
1641.0 760.0 1
1654.0 756.0 1
1664.0 754.0 1
1675.0 754.0 1
1686.0 756.0 1
1694.0 763.0 1
1697.0 774.0 1
1696.0 784.0 1
1687.0 791.0 1
1678.0 798.0 1
