583.0 371.0 1.0
577.0 331.0 1.0
558.0 285.0 1.0
56.0 151.0 1.0
56.0 164.0 1.0
56.0 175.0 1.0
55.0 185.0 1.0
55.0 198.0 1.0
56.0 209.0 1.0
56.0 225.0 1.0
56.0 236.0 1.0
55.0 247.0 1.0
55.0 259.0 1.0
55.0 272.0 1.0
54.0 283.0 1.0
53.0 296.0 1.0
53.0 307.0 1.0
53.0 321.0 1.0
76.0 155.0 1.0
89.0 162.0 1.0
98.0 168.0 1.0
108.0 178.0 1.0
117.0 189.0 1.0
125.0 200.0 1.0
131.0 209.0 1.0
136.0 221.0 1.0
139.0 234.0 1.0
141.0 248.0 1.0
141.0 262.0 1.0
139.0 273.0 1.0
136.0 283.0 1.0
131.0 292.0 1.0
126.0 302.0 1.0
116.0 310.0 1.0
110.0 319.0 1.0
101.0 324.0 1.0
88.0 330.0 1.0
78.0 333.0 1.0
68.0 334.0 1.0
58.0 330.0 1.0
171.0 140.0 1.0
173.0 150.0 1.0
175.0 161.0 1.0
176.0 171.0 1.0
177.0 182.0 1.0
177.0 193.0 1.0
177.0 204.0 1.0
177.0 215.0 1.0
177.0 227.0 1.0
177.0 239.0 1.0
178.0 249.0 1.0
178.0 260.0 1.0
179.0 270.0 1.0
179.0 281.0 1.0
179.0 292.0 1.0
179.0 303.0 1.0
180.0 313.0 1.0
180.0 324.0 1.0
181.0 334.0 1.0
182.0 344.0 1.0
182.0 355.0 1.0
175.0 128.0 1.0
184.0 122.0 1.0
194.0 121.0 1.0
204.0 124.0 1.0
213.0 129.0 1.0
220.0 137.0 1.0
227.0 145.0 1.0
232.0 154.0 1.0
235.0 164.0 1.0
235.0 175.0 1.0
233.0 187.0 1.0
229.0 197.0 1.0
224.0 206.0 1.0
217.0 215.0 1.0
209.0 223.0 1.0
201.0 230.0 1.0
192.0 235.0 1.0
192.0 246.0 1.0
196.0 256.0 1.0
201.0 266.0 1.0
205.0 276.0 1.0
210.0 287.0 1.0
214.0 298.0 1.0
219.0 308.0 1.0
222.0 318.0 1.0
226.0 328.0 1.0
230.0 340.0 1.0
234.0 351.0 1.0
237.0 361.0 1.0
241.0 371.0 1.0
238.0 358.0 1.0
260.0 156.0 1.0
260.0 168.0 1.0
261.0 178.0 1.0
262.0 188.0 1.0
263.0 198.0 1.0
263.0 210.0 1.0
264.0 220.0 1.0
264.0 231.0 1.0
265.0 242.0 1.0
265.0 253.0 1.0
265.0 264.0 1.0
266.0 274.0 1.0
266.0 285.0 1.0
266.0 297.0 1.0
266.0 308.0 1.0
266.0 319.0 1.0
267.0 329.0 1.0
273.0 338.0 1.0
283.0 336.0 1.0
293.0 335.0 1.0
304.0 334.0 1.0
315.0 332.0 1.0
325.0 329.0 1.0
285.0 246.0 1.0
295.0 243.0 1.0
305.0 240.0 1.0
315.0 238.0 1.0
325.0 235.0 1.0
275.0 156.0 1.0
285.0 153.0 1.0
295.0 152.0 1.0
305.0 150.0 1.0
332.0 351.0 1.0
333.0 341.0 1.0
334.0 331.0 1.0
336.0 320.0 1.0
337.0 310.0 1.0
337.0 299.0 1.0
339.0 288.0 1.0
340.0 278.0 1.0
341.0 268.0 1.0
341.0 257.0 1.0
342.0 245.0 1.0
344.0 235.0 1.0
345.0 225.0 1.0
346.0 215.0 1.0
347.0 205.0 1.0
349.0 195.0 1.0
350.0 185.0 1.0
352.0 175.0 1.0
353.0 164.0 1.0
354.0 154.0 1.0
355.0 144.0 1.0
356.0 134.0 1.0
360.0 144.0 1.0
364.0 154.0 1.0
368.0 165.0 1.0
371.0 175.0 1.0
374.0 186.0 1.0
376.0 197.0 1.0
378.0 207.0 1.0
380.0 218.0 1.0
383.0 228.0 1.0
386.0 239.0 1.0
389.0 249.0 1.0
393.0 260.0 1.0
397.0 270.0 1.0
400.0 281.0 1.0
403.0 291.0 1.0
407.0 302.0 1.0
410.0 312.0 1.0
413.0 323.0 1.0
418.0 333.0 1.0
421.0 343.0 1.0
354.0 263.0 1.0
364.0 259.0 1.0
374.0 256.0 1.0
383.0 251.0 1.0
426.0 315.0 1.0
426.0 304.0 1.0
425.0 294.0 1.0
423.0 284.0 1.0
422.0 274.0 1.0
422.0 263.0 1.0
420.0 253.0 1.0
419.0 243.0 1.0
418.0 233.0 1.0
418.0 222.0 1.0
418.0 211.0 1.0
417.0 201.0 1.0
417.0 190.0 1.0
417.0 179.0 1.0
416.0 169.0 1.0
416.0 157.0 1.0
417.0 147.0 1.0
418.0 136.0 1.0
418.0 124.0 1.0
423.0 134.0 1.0
430.0 144.0 1.0
436.0 153.0 1.0
442.0 163.0 1.0
448.0 172.0 1.0
452.0 182.0 1.0
457.0 191.0 1.0
460.0 202.0 1.0
464.0 212.0 1.0
468.0 222.0 1.0
472.0 232.0 1.0
477.0 223.0 1.0
478.0 213.0 1.0
480.0 202.0 1.0
482.0 192.0 1.0
484.0 182.0 1.0
486.0 172.0 1.0
488.0 162.0 1.0
490.0 152.0 1.0
491.0 141.0 1.0
493.0 131.0 1.0
495.0 121.0 1.0
497.0 111.0 1.0
498.0 122.0 1.0
499.0 132.0 1.0
499.0 143.0 1.0
499.0 154.0 1.0
499.0 167.0 1.0
499.0 178.0 1.0
499.0 189.0 1.0
499.0 201.0 1.0
500.0 211.0 1.0
501.0 222.0 1.0
502.0 233.0 1.0
503.0 244.0 1.0
504.0 255.0 1.0
506.0 266.0 1.0
507.0 277.0 1.0
508.0 287.0 1.0
509.0 297.0 1.0
509.0 309.0 1.0
511.0 319.0 1.0
511.0 330.0 1.0
520.0 192.0 1.0
520.0 203.0 1.0
520.0 214.0 1.0
520.0 226.0 1.0
521.0 237.0 1.0
523.0 247.0 1.0
526.0 258.0 1.0
529.0 269.0 1.0
532.0 279.0 1.0
537.0 289.0 1.0
544.0 297.0 1.0
553.0 304.0 1.0
563.0 308.0 1.0
573.0 310.0 1.0
583.0 308.0 1.0
592.0 303.0 1.0
598.0 294.0 1.0
602.0 284.0 1.0
606.0 273.0 1.0
608.0 263.0 1.0
609.0 253.0 1.0
610.0 243.0 1.0
611.0 233.0 1.0
612.0 223.0 1.0
612.0 212.0 1.0
612.0 201.0 1.0
613.0 190.0 1.0
613.0 179.0 1.0
611.0 169.0 1.0
607.0 159.0 1.0
602.0 150.0 1.0
597.0 141.0 1.0
590.0 132.0 1.0
582.0 125.0 1.0
573.0 119.0 1.0
563.0 117.0 1.0
553.0 119.0 1.0
544.0 124.0 1.0
536.0 131.0 1.0
531.0 140.0 1.0
528.0 150.0 1.0
525.0 161.0 1.0
523.0 171.0 1.0
520.0 181.0 1.0
38.0 16.0 1.0
53.0 295.0 1.0
70.0 295.0 1.0
228.0 421.0 1.0
312.0 3.0 1.0
285.0 7.0 1.0
202.0 36.0 1.0
529.0 239.0 1.0
536.0 247.0 1.0
8.0 204.0 1.0
9.0 215.0 1.0
10.0 225.0 1.0
11.0 236.0 1.0
12.0 246.0 1.0
12.0 259.0 1.0
13.0 269.0 1.0
14.0 279.0 1.0
14.0 290.0 1.0
14.0 301.0 1.0
15.0 311.0 1.0
15.0 323.0 1.0
16.0 334.0 1.0
17.0 344.0 1.0
17.0 355.0 1.0
18.0 365.0 1.0
20.0 376.0 1.0
22.0 386.0 1.0
28.0 396.0 1.0
37.0 401.0 1.0
48.0 403.0 1.0
58.0 405.0 1.0
68.0 407.0 1.0
78.0 408.0 1.0
88.0 409.0 1.0
99.0 409.0 1.0
111.0 409.0 1.0
122.0 408.0 1.0
133.0 407.0 1.0
143.0 406.0 1.0
153.0 405.0 1.0
165.0 403.0 1.0
177.0 402.0 1.0
190.0 402.0 1.0
202.0 401.0 1.0
213.0 400.0 1.0
223.0 398.0 1.0
235.0 397.0 1.0
249.0 396.0 1.0
260.0 393.0 1.0
270.0 392.0 1.0
282.0 391.0 1.0
297.0 390.0 1.0
308.0 388.0 1.0
319.0 388.0 1.0
330.0 387.0 1.0
340.0 386.0 1.0
353.0 386.0 1.0
366.0 385.0 1.0
376.0 384.0 1.0
386.0 383.0 1.0
399.0 382.0 1.0
412.0 381.0 1.0
424.0 380.0 1.0
434.0 378.0 1.0
445.0 377.0 1.0
455.0 375.0 1.0
468.0 374.0 1.0
480.0 373.0 1.0
491.0 372.0 1.0
502.0 371.0 1.0
513.0 370.0 1.0
525.0 368.0 1.0
535.0 367.0 1.0
547.0 366.0 1.0
558.0 365.0 1.0
570.0 364.0 1.0
580.0 363.0 1.0
591.0 362.0 1.0
601.0 361.0 1.0
611.0 359.0 1.0
621.0 358.0 1.0
631.0 355.0 1.0
642.0 352.0 1.0
652.0 349.0 1.0
662.0 345.0 1.0
670.0 338.0 1.0
676.0 329.0 1.0
679.0 319.0 1.0
680.0 309.0 1.0
681.0 299.0 1.0
681.0 288.0 1.0
680.0 278.0 1.0
678.0 267.0 1.0
677.0 257.0 1.0
676.0 246.0 1.0
675.0 235.0 1.0
673.0 223.0 1.0
670.0 212.0 1.0
668.0 202.0 1.0
667.0 190.0 1.0
665.0 180.0 1.0
663.0 170.0 1.0
661.0 159.0 1.0
659.0 149.0 1.0
657.0 139.0 1.0
655.0 129.0 1.0
652.0 117.0 1.0
650.0 106.0 1.0
648.0 96.0 1.0
645.0 85.0 1.0
639.0 74.0 1.0
634.0 65.0 1.0
625.0 58.0 1.0
615.0 55.0 1.0
605.0 54.0 1.0
595.0 52.0 1.0
583.0 52.0 1.0
568.0 53.0 1.0
556.0 54.0 1.0
546.0 55.0 1.0
536.0 56.0 1.0
524.0 56.0 1.0
511.0 56.0 1.0
500.0 57.0 1.0
487.0 58.0 1.0
475.0 60.0 1.0
462.0 62.0 1.0
451.0 63.0 1.0
439.0 64.0 1.0
427.0 66.0 1.0
417.0 68.0 1.0
405.0 71.0 1.0
393.0 72.0 1.0
379.0 73.0 1.0
367.0 74.0 1.0
354.0 75.0 1.0
343.0 76.0 1.0
333.0 77.0 1.0
322.0 78.0 1.0
310.0 80.0 1.0
296.0 82.0 1.0
284.0 84.0 1.0
273.0 87.0 1.0
263.0 88.0 1.0
252.0 90.0 1.0
240.0 91.0 1.0
230.0 92.0 1.0
5.0 196.0 1.0
3.0 185.0 1.0
0.0 174.0 1.0
-1.0 163.0 1.0
-2.0 152.0 1.0
-2.0 140.0 1.0
1.0 130.0 1.0
9.0 123.0 1.0
18.0 118.0 1.0
27.0 112.0 1.0
39.0 107.0 1.0
50.0 105.0 1.0
61.0 103.0 1.0
72.0 102.0 1.0
83.0 102.0 1.0
93.0 101.0 1.0
104.0 101.0 1.0
114.0 98.0 1.0
126.0 96.0 1.0
138.0 96.0 1.0
149.0 96.0 1.0
160.0 96.0 1.0
171.0 96.0 1.0
181.0 94.0 1.0
192.0 91.0 1.0
203.0 91.0 1.0
214.0 91.0 1.0
225.0 91.0 1.0
624.0 60.0 1.0
636.0 61.0 1.0
221.0 783.0 1
239.0 788.0 1
810.0 729.0 1
890.0 371.0 1
473.0 546.0 1
1415.0 760.0 1
1041.0 312.0 1
825.0 154.0 1
892.0 225.0 1
860.0 337.0 1
848.0 543.0 1
571.0 544.0 1
835.0 690.0 1
135.0 579.0 1
421.0 515.0 1
623.0 551.0 1
503.0 624.0 1
319.0 803.0 1
357.0 971.0 1
1544.0 437.0 1
1435.0 707.0 1
1542.0 1020.0 1
385.0 720.0 1
1244.0 376.0 1
1206.0 365.0 1
946.0 358.0 1
612.0 392.0 1
799.0 406.0 1
0.0 634.0 1
411.0 533.0 1
560.0 498.0 1
199.0 503.0 1
276.0 441.0 1
862.0 567.0 1
763.0 260.0 1
762.0 246.0 1
749.0 77.0 1
1232.0 165.0 1
600.0 592.0 1
