830.0 490.0 1.0
805.0 404.0 1.0
303.0 270.0 1.0
303.0 283.0 1.0
303.0 294.0 1.0
302.0 304.0 1.0
302.0 317.0 1.0
303.0 328.0 1.0
303.0 344.0 1.0
303.0 355.0 1.0
302.0 366.0 1.0
302.0 378.0 1.0
302.0 391.0 1.0
301.0 402.0 1.0
300.0 415.0 1.0
300.0 426.0 1.0
300.0 440.0 1.0
323.0 274.0 1.0
336.0 281.0 1.0
345.0 287.0 1.0
355.0 297.0 1.0
364.0 308.0 1.0
372.0 319.0 1.0
378.0 328.0 1.0
383.0 340.0 1.0
386.0 353.0 1.0
388.0 367.0 1.0
388.0 381.0 1.0
386.0 392.0 1.0
383.0 402.0 1.0
378.0 411.0 1.0
373.0 421.0 1.0
363.0 429.0 1.0
357.0 438.0 1.0
348.0 443.0 1.0
335.0 449.0 1.0
325.0 452.0 1.0
315.0 453.0 1.0
305.0 449.0 1.0
418.0 259.0 1.0
420.0 269.0 1.0
422.0 280.0 1.0
423.0 290.0 1.0
424.0 301.0 1.0
424.0 312.0 1.0
424.0 323.0 1.0
424.0 334.0 1.0
424.0 346.0 1.0
424.0 358.0 1.0
425.0 368.0 1.0
425.0 379.0 1.0
426.0 389.0 1.0
426.0 400.0 1.0
426.0 411.0 1.0
426.0 422.0 1.0
427.0 432.0 1.0
427.0 443.0 1.0
428.0 453.0 1.0
429.0 463.0 1.0
429.0 474.0 1.0
422.0 247.0 1.0
451.0 243.0 1.0
460.0 248.0 1.0
467.0 256.0 1.0
474.0 264.0 1.0
479.0 273.0 1.0
482.0 283.0 1.0
482.0 294.0 1.0
480.0 306.0 1.0
476.0 316.0 1.0
471.0 325.0 1.0
464.0 334.0 1.0
456.0 342.0 1.0
448.0 349.0 1.0
439.0 354.0 1.0
439.0 365.0 1.0
443.0 375.0 1.0
448.0 385.0 1.0
452.0 395.0 1.0
457.0 406.0 1.0
461.0 417.0 1.0
466.0 427.0 1.0
469.0 437.0 1.0
473.0 447.0 1.0
477.0 459.0 1.0
481.0 470.0 1.0
484.0 480.0 1.0
488.0 490.0 1.0
485.0 477.0 1.0
507.0 275.0 1.0
507.0 287.0 1.0
508.0 297.0 1.0
509.0 307.0 1.0
510.0 317.0 1.0
510.0 329.0 1.0
511.0 339.0 1.0
511.0 350.0 1.0
512.0 361.0 1.0
512.0 372.0 1.0
512.0 383.0 1.0
513.0 393.0 1.0
513.0 404.0 1.0
513.0 416.0 1.0
513.0 427.0 1.0
513.0 438.0 1.0
514.0 448.0 1.0
520.0 457.0 1.0
530.0 455.0 1.0
540.0 454.0 1.0
551.0 453.0 1.0
562.0 451.0 1.0
572.0 448.0 1.0
532.0 365.0 1.0
542.0 362.0 1.0
552.0 359.0 1.0
562.0 357.0 1.0
572.0 354.0 1.0
522.0 275.0 1.0
532.0 272.0 1.0
542.0 271.0 1.0
552.0 269.0 1.0
579.0 470.0 1.0
580.0 460.0 1.0
581.0 450.0 1.0
583.0 439.0 1.0
584.0 429.0 1.0
584.0 418.0 1.0
586.0 407.0 1.0
587.0 397.0 1.0
588.0 387.0 1.0
588.0 376.0 1.0
589.0 364.0 1.0
591.0 354.0 1.0
592.0 344.0 1.0
593.0 334.0 1.0
594.0 324.0 1.0
596.0 314.0 1.0
597.0 304.0 1.0
599.0 294.0 1.0
600.0 283.0 1.0
601.0 273.0 1.0
602.0 263.0 1.0
603.0 253.0 1.0
607.0 263.0 1.0
611.0 273.0 1.0
615.0 284.0 1.0
618.0 294.0 1.0
621.0 305.0 1.0
623.0 316.0 1.0
625.0 326.0 1.0
627.0 337.0 1.0
630.0 347.0 1.0
633.0 358.0 1.0
636.0 368.0 1.0
640.0 379.0 1.0
644.0 389.0 1.0
647.0 400.0 1.0
650.0 410.0 1.0
654.0 421.0 1.0
657.0 431.0 1.0
660.0 442.0 1.0
665.0 452.0 1.0
668.0 462.0 1.0
601.0 382.0 1.0
611.0 378.0 1.0
621.0 375.0 1.0
630.0 370.0 1.0
673.0 434.0 1.0
673.0 423.0 1.0
672.0 413.0 1.0
670.0 403.0 1.0
669.0 393.0 1.0
669.0 382.0 1.0
667.0 372.0 1.0
666.0 362.0 1.0
665.0 352.0 1.0
665.0 341.0 1.0
665.0 330.0 1.0
664.0 320.0 1.0
664.0 309.0 1.0
664.0 298.0 1.0
663.0 288.0 1.0
663.0 276.0 1.0
664.0 266.0 1.0
665.0 255.0 1.0
665.0 243.0 1.0
670.0 253.0 1.0
677.0 263.0 1.0
683.0 272.0 1.0
689.0 282.0 1.0
695.0 291.0 1.0
699.0 301.0 1.0
704.0 310.0 1.0
707.0 321.0 1.0
711.0 331.0 1.0
715.0 341.0 1.0
719.0 351.0 1.0
724.0 342.0 1.0
725.0 332.0 1.0
727.0 321.0 1.0
729.0 311.0 1.0
731.0 301.0 1.0
733.0 291.0 1.0
735.0 281.0 1.0
737.0 271.0 1.0
738.0 260.0 1.0
740.0 250.0 1.0
742.0 240.0 1.0
744.0 230.0 1.0
745.0 241.0 1.0
746.0 251.0 1.0
746.0 262.0 1.0
746.0 273.0 1.0
746.0 286.0 1.0
746.0 297.0 1.0
746.0 308.0 1.0
746.0 320.0 1.0
747.0 330.0 1.0
748.0 341.0 1.0
749.0 352.0 1.0
750.0 363.0 1.0
751.0 374.0 1.0
753.0 385.0 1.0
754.0 396.0 1.0
755.0 406.0 1.0
756.0 416.0 1.0
756.0 428.0 1.0
758.0 438.0 1.0
758.0 449.0 1.0
767.0 311.0 1.0
767.0 322.0 1.0
767.0 333.0 1.0
767.0 345.0 1.0
768.0 356.0 1.0
770.0 366.0 1.0
773.0 377.0 1.0
776.0 388.0 1.0
779.0 398.0 1.0
784.0 408.0 1.0
791.0 416.0 1.0
800.0 423.0 1.0
810.0 427.0 1.0
820.0 429.0 1.0
830.0 427.0 1.0
839.0 422.0 1.0
845.0 413.0 1.0
849.0 403.0 1.0
853.0 392.0 1.0
855.0 382.0 1.0
856.0 372.0 1.0
857.0 362.0 1.0
858.0 352.0 1.0
859.0 342.0 1.0
859.0 331.0 1.0
859.0 320.0 1.0
860.0 309.0 1.0
860.0 298.0 1.0
858.0 288.0 1.0
854.0 278.0 1.0
849.0 269.0 1.0
844.0 260.0 1.0
837.0 251.0 1.0
829.0 244.0 1.0
820.0 238.0 1.0
810.0 236.0 1.0
800.0 238.0 1.0
791.0 243.0 1.0
783.0 250.0 1.0
778.0 259.0 1.0
775.0 269.0 1.0
772.0 280.0 1.0
770.0 290.0 1.0
767.0 300.0 1.0
285.0 135.0 1.0
300.0 414.0 1.0
317.0 414.0 1.0
475.0 540.0 1.0
559.0 122.0 1.0
532.0 126.0 1.0
449.0 155.0 1.0
776.0 358.0 1.0
783.0 366.0 1.0
468.0 902.0 1.0
486.0 907.0 1.0
1057.0 848.0 1.0
1137.0 490.0 1.0
720.0 665.0 1.0
1662.0 879.0 1.0
1288.0 431.0 1.0
1072.0 273.0 1.0
1139.0 344.0 1.0
1107.0 456.0 1.0
1095.0 662.0 1.0
818.0 663.0 1.0
1082.0 809.0 1.0
382.0 698.0 1.0
668.0 634.0 1.0
870.0 670.0 1.0
750.0 743.0 1.0
566.0 922.0 1.0
604.0 1090.0 1.0
1791.0 556.0 1.0
1682.0 826.0 1.0
1789.0 1139.0 1.0
632.0 839.0 1.0
1491.0 495.0 1.0
1453.0 484.0 1.0
1193.0 477.0 1.0
859.0 511.0 1.0
1046.0 525.0 1.0
247.0 753.0 1.0
658.0 652.0 1.0
807.0 617.0 1.0
523.0 560.0 1.0
1109.0 686.0 1.0
1010.0 379.0 1.0
1009.0 365.0 1.0
996.0 196.0 1.0
1479.0 284.0 1.0
847.0 711.0 1.0
120.0 92.0 1.0
30.0 218.0 1.0
-153.0 512.0 1.0
248.0 630.0 1.0
262.0 631.0 1.0
273.0 631.0 1.0
762.0 679.0 1.0
779.0 681.0 1.0
1047.0 565.0 1.0
653.0 -16.0 1.0
649.0 -4.0 1.0
623.0 545.0 1.0
1560.0 794.0 1.0
1549.0 799.0 1.0
1537.0 799.0 1.0
-65.0 835.0 1.0
-55.0 839.0 1.0
-28.0 843.0 1.0
11.0 843.0 1.0
24.0 843.0 1.0
29.0 834.0 1.0
-30.0 223.0 1.0
545.0 159.0 1.0
325.0 33.0 1.0
162.0 176.0 1.0
171.0 171.0 1.0
931.0 651.0 1.0
931.0 636.0 1.0
1400.0 341.0 1.0
1391.0 348.0 1.0
1382.0 339.0 1.0
772.0 588.0 1.0
769.0 598.0 1.0
485.0 786.0 1.0
496.0 781.0 1.0
502.0 770.0 1.0
500.0 780.0 1.0
503.0 770.0 1.0
102.0 298.0 1.0
98.0 311.0 1.0
98.0 299.0 1.0
97.0 288.0 1.0
-83.0 299.0 1.0
-83.0 310.0 1.0
-76.0 321.0 1.0
-45.0 602.0 1.0
1037.0 937.0 1.0
858.0 738.0 1.0
764.0 758.0 1.0
762.0 747.0 1.0
759.0 656.0 1.0
1033.0 550.0 1.0
752.0 556.0 1.0
1195.0 436.0 1.0
1150.0 108.0 1.0
639.0 6.0 1.0
307.0 16.0 1.0
1287.0 -28.0 1.0
1287.0 -17.0 1.0
1289.0 -28.0 1.0
1298.0 -23.0 1.0
1296.0 -13.0 1.0
1334.0 322.0 1.0
1325.0 328.0 1.0
1323.0 338.0 1.0
1333.0 342.0 1.0
584.0 663.0 1.0
588.0 673.0 1.0
590.0 683.0 1.0
109.0 687.0 1.0
114.0 696.0 1.0
124.0 701.0 1.0
-7.0 158.0 1.0
5.0 164.0 1.0
12.0 172.0 1.0
351.0 -40.0 1.0
338.0 -38.0 1.0
325.0 -34.0 1.0
315.0 -33.0 1.0
303.0 -32.0 1.0
292.0 -37.0 1.0
618.0 293.0 1.0
